150,17
150,16
150,15
150,14
150,13
150,12
150,11
150,10
150,9
150,8
150,7
150,6
150,5
138,14
138,13
138,12
70,40
70,39
70,37
70,36
70,35
70,34
70,33
70,32
70,31
70,30
70,29
70,27
70,26
70,25
70,24
70,23
70,22
70,21
70,19
70,18
70,17
70,16
70,15
70,14
70,13
70,12
70,11
70,10
70,9
64,12
64,11
64,10
64,9
64,8
64,7
64,6
64,5
48,11
48,3
48,0
47,7
47,3
47,0
12,6
12,3
12,0
11,27
11,26
11,25
11,24
11,23
11,22
11,21
11,20
11,19
11,18
11,17
11,16
11,15
11,14
11,13
11,12
11,11
11,10
11,9
11,8
11,7
10,27
10,26
10,25
10,24
10,23
10,22
10,21
10,20
10,19
10,18
10,17
10,16
10,15
10,14
10,13
10,12
10,11
10,10
10,9
10,8
10,7
10,6
9,28
9,27
9,26
9,25
9,24
9,23
9,22
9,21
9,20
9,19
9,18
9,17
9,16
9,15
9,14
9,13
9,12
9,11
9,10
9,9
9,8
9,7
9,6
9,5
8,9
8,8
8,7
8,6
8,5
5,128
5,122
5,121
5,120
5,119
5,118
5,117
5,116
5,115
5,114
5,113
5,112
5,111
5,110
5,109
5,108
5,107
5,106
5,105
5,104
5,103
5,102
5,101
5,100
5,99
5,98
5,97
5,96
5,95
5,94
5,93
5,92
5,91
5,90
5,89
5,88
5,87
5,86
5,85
5,84
5,83
5,82
5,81
5,80
5,79
5,78
5,77
5,76
5,68
5,7
5,3
4,7
4,6
4,5
4,4
4,3
0,226
0,225
0,222
0,220
0,217
0,214
0,213
0,211
0,210
0,208
0,207
0,206
0,203
0,202
0,201
0,200
0,57
0,52
0,9
151,5
151,6
226,5
226,6
226,8
226,9
227,1
227,3
227,4
228,1
228,2
228,4
229,0
229,1
229,3
229,4
230,0
230,1
230,3
230,5
231,0
231,2
231,3
232,0
232,2
232,3
232,5
232,6
232,8
233,0
233,2
233,4
234,0
234,2
234,3
235,0
235,2
235,3
235,5
235,6
236,0
236,1
236,3
237,0
237,1
237,3
237,4
237,6
238,1
238,2
238,4
238,5
239,0
239,2
239,3
239,5
239,6
240,1
240,2
240,4
240,6
240,7
241,1
241,2
241,4
241,6
242,0
242,2
242,3
242,5
242,6
243,0
243,2
243,3
244,1
244,2
244,4
245,1
245,2
245,4
246,0
246,2
246,3
247,0
247,2
247,3
247,5
248,0
248,2
248,4
248,5
249,1
249,2
249,4
250,1
250,2
250,4
251,0
251,2
251,3
251,5
252,1
252,2
252,4
252,5
253,0
253,2
253,3
254,1
254,2
254,4
254,5
255,1
255,3
255,4
256,1
256,2
256,4
257,1
257,2
257,4
258,0
258,2
258,3
258,5
259,0
259,1
259,3
259,4
260,1
260,3
260,4
261,1
261,2
261,4
262,0
262,2
262,4
263,0
263,2
263,3
264,0
264,2
264,3
265,0
265,1
265,3
266,0
266,1
266,3
266,4
267,1
267,2
267,4
268,1
268,2
268,4
269,0
269,2
269,4
270,0
270,2
270,3
271,0
271,1
271,3
272,0
272,1
272,3
272,4
273,0
273,2
273,3
274,0
274,1
274,3
274,4
275,0
275,2
275,3
276,0
276,1
276,3
277,0
277,1
277,3
277,4
278,1
278,3
278,4
279,0
279,1
279,3
279,4
279,6
279,8
280,0
280,2
280,3
280,5
280,7
281,0
281,2
281,3
281,5
281,6
282,0
282,2
282,3
282,5
283,0
283,2
283,4
283,5
284,0
284,1
284,3
284,4
284,6
285,1
285,2
286,0
286,1
286,3
286,5
286,6
286,8
287,0
287,2
287,3
287,5
287,7
288,0
288,2
288,3
289,0
289,2
289,3
290,0
290,1
290,3
291,0
291,1
291,3
291,4
291,6
291,7
292,1
292,3
292,4
292,6
292,7
293,1
293,3
293,4
293,6
293,7
294,0
294,1
294,3
295,0
295,1
295,3
295,4
296,1
296,3
296,4
296,6
297,0
297,2
297,3
298,0
298,2
298,3
298,5
299,0
299,2
299,4
299,5
300,1
300,2
300,4
301,0
301,1
301,3
301,4
302,1
302,2
302,4
303,1
303,2
303,4
303,5
304,1
304,3
304,4
304,6
305,0
305,2
305,3
305,5
306,1
306,2
306,4
306,5
307,0
307,2
307,3
307,5
307,6
308,1
308,2
308,4
309,0
309,1
309,3
309,4
310,1
310,3
310,4
311,1
311,2
311,4
311,6
311,7
312,1
312,2
312,4
312,5
312,7
312,9
313,0
313,2
313,3
313,5
314,0
314,1
314,3
314,4
314,6
315,0
315,2
315,4
315,5
316,0
316,1
316,3
316,5
316,6
317,0
317,1
317,3
317,4
318,1
318,3
318,4
318,6
318,7
319,1
319,3
319,4
319,6
320,0
320,2
320,3
321,0
321,2
321,3
321,5
321,6
322,1
322,3
322,4
323,1
323,2
323,4
324,1
324,2
324,4
324,5
325,1
325,2
326,0
326,2
326,3
327,0
327,1
327,3
327,5
327,6
327,8
328,0
328,2
328,3
328,5
329,1
329,2
329,4
330,0
330,2
330,4
331,0
331,2
331,3
332,0
332,1
332,3
333,0
333,1
333,3
333,4
334,0
334,2
334,3
334,5
334,6
335,0
335,2
335,3
335,5
336,0
336,2
336,3
336,5
337,1
337,2
337,4
337,5
338,0
338,2
338,3
338,5
338,6
339,1
339,2
339,4
340,1
340,2
340,4
341,0
341,2
341,4
341,5
342,0
342,1
342,3
342,4
343,1
343,3
343,4
343,6
343,7
344,1
344,3
344,4
345,1
345,2
345,4
345,5
346,1
346,3
346,4
347,0
347,1
347,3
347,5
348,0
348,2
348,3
349,0
349,2
349,3
350,0
350,1
350,3
350,4
351,0
351,2
351,3
351,5
352,0
352,2
352,4
353,0
353,2
353,3
353,5
353,6
354,1
354,3
354,4
354,6
354,7
355,0
355,2
355,3
355,5
356,0
356,2
356,3
357,0
357,2
357,3
358,0
358,1
358,3
358,5
359,0
359,2
359,3
360,0
360,2
360,3
361,0
361,1
361,3
361,4
362,1
362,3
362,4
363,0
363,1
363,3
363,5
363,6
364,1
364,2
364,4
364,5
365,1
365,3
365,4
365,6
366,0
366,2
366,4
366,5
367,1
367,2
367,4
367,5
368,0
368,2
368,3
368,5
369,0
369,2
369,4
369,5
370,1
370,2
370,4
371,0
371,2
371,4
371,5
372,0
372,1
372,3
373,0
373,1
373,3
374,0
374,2
374,4
374,5
375,0
375,1
375,3
375,4
376,0
376,2
376,3
377,0
377,1
377,3
378,0
378,1
378,3
378,4
379,0
379,1
379,3
379,5
380,0
380,2
380,3
381,0
381,2
381,3
382,0
382,1
382,3
382,4
383,0
383,2
383,3
384,1
384,2
384,4
385,1
385,2
385,4
385,5
386,0
386,2
386,3
386,5
386,6
387,1
387,2
387,4
388,0
388,1
388,3
388,4
388,6
389,1
389,2
389,4
389,5
390,1
390,2
390,4
390,6
390,7
391,0
391,1
391,3
392,0
392,1
392,3
392,4
393,1
393,2
393,4
393,6
394,0
394,2
394,3
394,5
395,0
395,1
395,3
395,4
395,6
396,1
396,2
396,4
397,0
397,2
397,3
397,5
398,1
398,2
398,4
399,0
399,2
399,4
400,0
400,2
400,3
400,5
400,6
401,1
401,3
401,4
402,0
402,1
402,3
403,0
403,1
403,3
403,4
404,0
404,1
404,3
404,5
404,6
405,1
405,2
405,4
406,0
406,1
406,3
406,4
406,6
407,0
407,2
407,4
407,5
408,1
408,2
408,4
408,6
409,0
409,2
409,3
409,5
409,7
409,8
410,1
410,2
410,4
411,0
411,2
411,4
411,5
412,0
412,1
412,3
412,5
413,0
413,2
413,3
414,0
414,1
414,3
415,0
415,1
415,3
415,4
415,6
416,0
416,1
416,3
417,0
417,2
417,3
418,0
418,2
418,3
419,0
419,1
419,3
419,5
419,6
420,1
420,2
420,4
421,1
421,2
421,4
422,0
422,2
422,3
423,0
423,2
423,3
423,5
423,6
424,0
424,2
424,3
425,0
425,1
425,3
425,4
426,0
426,2
426,3
427,0
427,1
427,3
427,5
429,0
429,2
429,3
429,5
429,6
429,8
430,0
430,1
430,3
431,0
431,2
432,0
432,1
432,3
433,0
433,2
433,3
434,1
434,3
435,0
435,2
435,3
436,1
436,3
437,0
437,2
437,3
438,1
438,3
439,0
439,2
439,3
440,1
440,2
441,0
441,2
441,3
441,5
441,6
442,1
442,3
442,4
443,1
443,2
443,4
443,5
443,7
443,9
443,10
444,0
444,1
444,3
444,5
444,6
445,1
445,2
445,4
445,5
446,0
446,2
446,3
447,0
447,1
447,3
447,5
448,0
448,2
448,3
448,5
449,0
449,1
449,3
449,4
450,0
450,1
450,3
450,5
451,0
451,2
451,3
452,0
452,2
452,3
452,5
453,0
453,2
453,3
454,1
454,3
454,4
454,6
454,7
455,1
455,3
456,0
456,2
456,3
457,1
457,2
457,4
457,6
458,0
458,2
458,3
458,5
459,0
459,1
459,3
459,4
460,1
460,2
460,4
460,6
460,7
461,1
461,2
462,0
462,2
462,3
463,0
463,1
463,3
463,5
463,6
464,1
464,2
464,4
464,5
465,0
465,2
465,3
465,5
465,6
466,1
466,3
466,4
467,1
467,2
467,4
467,5
468,1
468,3
468,4
469,0
469,1
469,3
469,5
470,0
470,2
470,3
470,5
470,6
471,1
471,3
471,4
472,1
472,2
472,4
473,0
473,1
473,3
473,4
473,6
474,0
474,1
474,3
474,4
475,0
475,1
475,3
475,5
476,0
476,2
476,3
477,1
477,3
477,4
478,0
478,1
478,3
478,4
479,1
479,3
479,4
480,0
480,1
480,3
480,5
481,0
481,2
481,3
481,5
482,0
482,2
482,4
482,5
483,1
483,2
483,4
484,0
484,1
484,3
484,4
485,1
485,3
485,4
486,0
486,1
486,3
486,4
487,0
487,2
487,3
487,5
488,0
488,2
488,4
489,0
489,2
489,3
490,1
490,2
490,4
490,6
490,7
491,1
491,2
491,4
492,1
492,2
492,4
493,0
493,2
493,3
494,0
494,2
494,3
495,0
495,1
495,3
495,5
496,0
496,2
496,3
497,0
497,1
497,3
498,0
498,1
498,3
498,4
499,1
499,3
499,4
500,1
500,2
500,4
501,1
501,2
501,4
502,0
502,2
502,3
502,5
502,7
502,8
502,10
502,11
502,13
502,15
502,16
502,18
502,19
502,21
502,22
502,24
502,26
502,27
502,29
502,30
502,32
502,34
502,35
502,37
502,38
502,40
502,41
502,43
502,45
502,46
502,48
502,49
502,51
502,53
502,54
502,56
502,57
502,59
502,61
502,62
502,64
502,65
502,67
502,68
502,70
502,72
502,73
502,75
502,76
502,78
502,80
502,81
502,83
502,84
502,86
502,87
502,89
502,91
502,92
502,94
502,95
502,97
502,125
502,126
502,128
502,129
502,131
502,132
502,134
502,136
502,137
502,139
502,140
502,142
503,1
503,2
503,4
504,0
504,2
504,3
504,5
505,1
505,2
505,4
506,0
506,2
506,4
506,5
507,1
507,2
507,4
508,1
508,2
508,4
509,0
509,2
509,3
510,0
510,2
510,3
511,0
511,1
511,3
511,4
511,2
510,4
510,1
509,4
509,1
508,3
508,0
507,3
507,0
506,3
506,1
505,3
505,0
504,4
504,1
503,3
503,0
502,141
502,138
502,135
502,133
502,130
502,127
502,98
502,96
502,93
502,90
502,88
502,85
502,82
502,79
502,77
502,74
502,71
502,69
502,66
502,63
502,60
502,58
502,55
502,52
502,50
502,47
502,44
502,42
502,39
502,36
502,33
502,31
502,28
502,25
502,23
502,20
502,17
502,14
502,12
502,9
502,6
502,4
502,1
501,3
501,0
500,3
500,0
499,2
499,0
498,2
497,4
497,2
496,4
496,1
495,4
495,2
494,4
494,1
493,4
493,1
492,3
492,0
491,3
491,0
490,5
490,3
490,0
489,1
488,3
488,1
487,4
487,1
486,5
486,2
485,5
485,2
485,0
484,2
483,5
483,3
483,0
482,3
482,1
481,4
481,1
480,4
480,2
479,5
479,2
479,0
478,2
477,5
477,2
477,0
476,1
475,4
475,2
474,5
474,2
473,7
473,5
473,2
472,5
472,3
472,0
471,2
471,0
470,4
470,1
469,4
469,2
468,5
468,2
468,0
467,3
467,0
466,2
466,0
465,4
465,1
464,6
464,3
464,0
463,4
463,2
462,4
462,1
461,3
461,0
460,5
460,3
460,0
459,2
458,6
458,4
458,1
457,5
457,3
457,0
456,1
455,2
455,0
454,5
454,2
454,0
453,1
452,4
452,1
451,4
451,1
450,4
450,2
449,5
449,2
448,6
448,4
448,1
447,4
447,2
446,4
446,1
445,6
445,3
445,0
444,4
444,2
443,11
443,8
443,6
443,3
443,0
442,2
442,0
441,4
441,1
440,3
440,0
439,1
438,2
438,0
437,1
436,2
436,0
435,1
434,2
434,0
433,1
432,2
431,3
431,1
430,2
429,9
429,7
429,4
429,1
427,4
427,2
426,4
426,1
425,5
425,2
424,4
424,1
423,7
423,4
423,1
422,4
422,1
421,3
421,0
420,3
420,0
419,4
419,2
418,4
418,1
417,4
417,1
416,2
415,7
415,5
415,2
414,4
414,2
413,4
413,1
412,4
412,2
411,6
411,3
411,1
410,3
410,0
409,6
409,4
409,1
408,5
408,3
408,0
407,3
407,1
406,5
406,2
405,5
405,3
405,0
404,4
404,2
403,5
403,2
402,4
402,2
401,5
401,2
401,0
400,4
400,1
399,3
399,1
398,3
398,0
397,4
397,1
396,3
396,0
395,5
395,2
394,6
394,4
394,1
393,5
393,3
393,0
392,2
391,4
391,2
390,8
390,5
390,3
390,0
389,3
389,0
388,5
388,2
387,5
387,3
387,0
386,4
386,1
385,6
385,3
385,0
384,3
384,0
383,1
382,5
382,2
381,4
381,1
380,4
380,1
379,4
379,2
378,5
378,2
377,4
377,2
376,4
376,1
375,5
375,2
374,6
374,3
374,1
373,2
372,4
372,2
371,6
371,3
371,1
370,3
370,0
369,3
369,1
368,4
368,1
367,6
367,3
367,0
366,3
366,1
365,5
365,2
365,0
364,3
364,0
363,4
363,2
362,5
362,2
362,0
361,2
360,4
360,1
359,4
359,1
358,4
358,2
357,4
357,1
356,4
356,1
355,4
355,1
354,8
354,5
354,2
354,0
353,4
353,1
352,3
352,1
351,4
351,1
350,5
350,2
349,4
349,1
348,4
348,1
347,4
347,2
346,5
346,2
346,0
345,3
345,0
344,2
344,0
343,5
343,2
343,0
342,2
341,6
341,3
341,1
340,3
340,0
339,3
339,0
338,4
338,1
337,6
337,3
337,0
336,4
336,1
335,4
335,1
334,7
334,4
334,1
333,5
333,2
332,4
332,2
331,4
331,1
330,3
330,1
329,3
329,0
328,4
328,1
327,7
327,4
327,2
326,4
326,1
325,3
325,0
324,3
324,0
323,3
323,0
322,2
322,0
321,4
321,1
320,4
320,1
319,5
319,2
319,0
318,5
318,2
318,0
317,2
316,7
316,4
316,2
315,6
315,3
315,1
314,5
314,2
313,6
313,4
313,1
312,8
312,6
312,3
312,0
311,5
311,3
311,0
310,2
310,0
309,2
308,5
308,3
308,0
307,4
307,1
306,6
306,3
306,0
305,4
305,1
304,5
304,2
304,0
303,3
303,0
302,3
302,0
301,2
300,5
300,3
300,0
299,3
299,1
298,4
298,1
297,4
297,1
296,5
296,2
296,0
295,2
294,4
294,2
293,8
293,5
293,2
293,0
292,5
292,2
292,0
291,5
291,2
290,4
290,2
289,4
289,1
288,4
288,1
287,6
287,4
287,1
286,7
286,4
286,2
285,3
285,0
284,5
284,2
283,6
283,3
283,1
282,4
282,1
281,7
281,4
281,1
280,6
280,4
280,1
279,7
279,5
279,2
278,5
278,2
278,0
277,2
276,4
276,2
275,4
275,1
274,5
274,2
273,4
273,1
272,5
272,2
271,4
271,2
270,4
270,1
269,3
269,1
268,3
268,0
267,3
267,0
266,2
265,4
265,2
264,4
264,1
263,4
263,1
262,3
262,1
261,3
261,0
260,2
260,0
259,2
258,6
258,4
258,1
257,3
257,0
256,3
256,0
255,2
255,0
254,3
254,0
253,1
252,6
252,3
252,0
251,4
251,1
250,3
250,0
249,3
249,0
248,3
248,1
247,4
247,1
246,4
246,1
245,3
245,0
244,3
244,0
243,1
242,7
242,4
242,1
241,5
241,3
241,0
240,5
240,3
240,0
239,4
239,1
238,6
238,3
238,0
237,5
237,2
236,4
236,2
235,7
235,4
235,1
234,4
234,1
233,3
233,1
232,7
232,4
232,1
231,4
231,1
230,4
230,2
229,5
229,2
228,5
228,3
228,0
227,2
227,0
226,7
151,7
0,224
0,218
0,209
